0 1
2 3
2 4
2 5
2 6
2 7
2 8
9 7
9 5
9 6
9 3
9 4
9 8
10 11
10 12
10 13
10 14
10 15
10 16
10 17
10 18
10 19
13 20
13 21
18 152
18 153
18 154
20 23
20 24
20 25
22 7
22 20
26 21
27 28
27 26
27 29
27 30
27 31
27 32
27 33
27 34
28 21
29 13
29 19
29 7
29 38
29 39
29 22
29 9
29 45
29 36
29 37
30 9
30 19
30 38
30 20
30 39
30 36
30 45
30 37
30 2
30 46
31 11
31 9
31 35
31 36
31 20
31 15
31 37
31 19
31 16
31 38
31 21
31 39
31 40
31 41
31 42
31 2
31 33
31 43
31 44
38 24
38 47
38 23
38 48
38 49
38 50
51 14
51 52
51 53
53 285
53 286
54 52
54 33
54 32
54 14
54 55
54 56
54 53
54 57
54 58
56 166
56 146
56 167
56 168
56 72
59 60
59 61
62 63
64 65
66 16
66 67
66 11
66 15
66 33
66 68
66 69
66 70
66 32
66 71
66 72
66 73
66 74
66 75
66 76
66 77
66 78
67 33
67 140
67 141
67 142
73 143
73 144
73 140
73 145
73 142
73 32
73 33
73 146
73 141
73 147
73 148
73 149
73 150
79 16
79 32
79 80
79 81
79 11
79 82
79 15
79 83
79 33
79 84
79 85
79 86
79 87
79 88
87 16
87 15
87 11
89 90
89 61
89 91
89 92
89 93
89 94
89 95
90 196
90 198
90 197
92 164
92 300
92 301
92 302
92 16
92 15
92 303
92 304
92 277
92 305
92 78
92 306
92 307
92 308
92 161
92 11
95 207
96 97
96 66
96 98
96 85
96 99
96 77
100 16
100 11
100 15
100 67
100 101
100 71
100 73
100 69
100 102
100 70
100 75
100 33
100 68
100 103
100 72
100 76
100 32
100 77
100 78
102 16
102 11
102 15
104 100
104 105
106 107
106 108
106 79
106 96
106 104
106 10
106 109
106 110
106 94
106 92
106 90
106 111
106 95
106 112
111 1
113 16
113 114
113 115
113 14
113 116
113 117
113 103
113 118
113 11
113 15
113 119
113 120
113 121
122 123
122 89
126 127
128 64
129 1
130 70
130 116
130 131
130 119
132 48
132 133
132 134
132 135
132 136
132 137
138 23
138 48
138 134
138 24
138 49
138 135
138 136
138 130
138 47
138 139
151 1
152 158
152 49
152 155
152 154
152 159
152 25
153 25
153 158
153 49
153 154
155 156
155 11
155 154
155 16
155 15
155 157
158 7
158 16
158 23
158 15
158 24
158 17
158 175
158 176
158 11
158 177
159 160
159 15
159 16
159 61
159 11
159 161
159 162
159 163
159 158
159 41
159 164
159 7
159 165
159 25
159 154
159 37
159 12
159 4
162 17
162 178
162 7
162 179
162 180
162 181
162 16
162 15
162 11
162 177
162 182
165 23
165 16
165 15
165 24
165 11
165 175
165 17
165 177
165 176
168 169
168 149
168 170
168 171
168 172
168 167
170 173
170 174
170 15
183 54
183 124
183 184
183 125
184 309
185 1
186 187
186 188
186 189
186 190
186 191
186 192
192 1259
193 194
194 195
194 196
194 61
194 197
194 198
194 199
194 12
194 200
197 254
197 255
198 256
198 257
198 209
198 258
198 259
198 235
198 260
198 261
198 7
198 262
198 78
198 263
198 195
198 264
198 16
198 217
198 265
198 266
198 189
198 192
198 190
198 267
198 268
198 269
198 187
198 234
198 218
198 210
198 270
198 15
198 11
198 271
198 12
198 272
198 273
198 274
198 208
198 275
198 216
198 276
198 167
198 229
198 277
198 14
199 139
199 201
199 202
199 203
200 806
200 1385
204 1
207 1
208 188
209 188
210 188
222 1
223 200
223 224
223 14
223 225
223 226
223 15
223 227
223 16
228 200
228 224
228 14
228 225
228 226
228 15
228 227
228 16
231 232
232 222
233 211
233 234
233 235
233 236
233 213
233 212
233 190
234 516
235 1385
237 238
237 239
237 240
237 241
237 242
237 243
237 214
237 235
237 244
237 215
237 233
237 245
237 246
237 247
237 248
237 249
239 776
240 413
240 769
240 314
241 709
242 775
243 431
243 188
243 800
243 314
243 577
243 785
243 801
243 245
243 802
244 776
246 709
247 1239
247 405
247 191
247 1238
247 235
247 188
247 7
248 774
248 314
250 251
250 252
250 245
251 777
251 778
251 707
256 1385
259 1260
260 1240
261 1385
263 1385
265 7
265 61
265 255
266 314
266 429
266 434
266 431
266 413
266 213
266 219
266 457
266 477
267 950
267 16
267 11
267 686
267 500
267 7
267 174
267 15
267 234
269 806
269 1385
270 1339
272 1261
272 1250
272 577
272 1258
272 314
274 575
275 188
275 235
275 191
275 1241
275 7
276 235
276 1242
276 405
276 1243
276 1244
278 279
280 281
281 198
281 282
281 277
281 256
281 265
281 234
281 12
282 301
282 78
283 284
286 16
286 933
286 121
286 1384
286 452
286 78
286 980
286 1387
286 990
286 1405
286 820
286 932
286 15
286 314
286 262
287 1
288 115
288 286
289 12
289 286
290 154
290 291
291 824
291 994
291 16
291 1406
291 992
291 1407
291 993
291 11
291 286
291 173
291 15
292 293
294 295
294 286
296 277
296 286
297 204
298 299
307 301
307 262
307 234
307 263
307 258
307 345
307 78
307 277
307 203
307 346
309 256
309 342
309 12
309 277
309 245
309 234
309 235
309 343
309 253
309 344
310 1
311 312
311 277
311 253
311 313
311 314
311 315
311 316
311 317
312 586
313 277
313 245
313 318
313 253
314 1372
315 195
315 478
316 350
316 1373
316 1374
316 1375
316 1376
317 14
317 269
317 587
317 235
318 709
318 779
318 776
319 12
319 277
319 245
319 253
319 244
320 321
320 12
320 322
320 234
320 277
321 517
323 234
323 12
323 253
323 277
324 234
324 12
324 277
324 253
324 282
325 234
325 12
325 253
325 277
326 327
326 256
326 234
328 303
328 277
329 301
329 234
329 78
329 12
329 277
329 330
330 15
330 11
330 256
330 301
330 16
330 187
330 78
331 277
331 332
331 234
331 12
332 308
333 234
333 12
333 277
333 253
333 334
335 277
335 234
335 12
335 336
337 197
337 280
337 196
338 197
338 281
338 196
339 90
340 253
340 341
340 12
340 277
340 245
341 279
341 139
341 201
341 264
341 191
341 576
341 160
341 780
341 61
341 161
341 164
341 254
341 188
343 518
344 765
344 577
346 15
346 16
346 256
346 301
346 78
346 302
346 11
347 348
347 349
347 11
347 350
347 277
347 234
347 78
347 256
347 227
347 351
347 16
347 258
347 15
347 352
347 353
347 332
347 262
347 321
347 263
348 15
348 16
348 256
348 301
348 78
348 302
348 11
350 1385
352 269
352 14
352 853
354 263
354 355
354 78
354 234
354 277
354 12
354 301
355 15
355 519
355 11
355 256
355 301
355 16
355 78
356 277
356 234
357 350
357 256
357 277
357 234
358 350
358 256
358 277
358 234
359 360
360 361
360 277
360 235
360 362
360 261
360 363
360 364
360 227
360 365
360 16
360 366
360 253
360 367
360 368
360 15
360 350
360 369
361 16
361 502
361 11
361 258
361 480
361 15
361 821
361 826
361 827
361 342
361 828
361 70
361 303
361 17
361 829
361 302
361 830
368 14
368 189
368 269
368 843
370 371
370 277
371 431
371 429
372 334
372 78
372 253
372 256
372 263
372 373
372 61
372 374
372 234
372 277
372 262
372 258
372 12
373 16
373 15
373 11
374 415
375 12
375 253
375 372
375 277
376 258
376 377
376 277
376 12
376 234
376 256
376 263
377 258
377 235
378 379
378 277
378 245
378 253
379 775
379 776
379 709
380 235
380 12
380 277
380 245
380 381
380 253
381 671
381 258
381 269
381 672
381 235
381 14
382 284
382 12
382 277
382 253
383 235
383 384
383 12
383 277
383 245
383 253
384 781
385 1
386 387
387 388
387 389
387 390
387 391
387 392
387 1
390 264
390 261
390 924
390 268
390 925
390 502
390 721
393 385
394 1
395 396
395 397
395 398
395 399
395 400
400 926
400 744
400 308
400 300
400 927
400 727
400 306
400 161
400 164
400 305
400 928
400 304
402 1
403 161
403 164
403 404
403 350
403 405
403 160
404 417
404 236
404 418
404 350
404 191
406 1
407 350
407 269
407 14
407 404
407 188
407 408
407 409
408 256
408 164
408 279
408 419
408 254
408 268
408 405
408 264
408 350
408 420
408 421
408 422
408 160
408 423
408 424
408 258
408 425
408 426
408 161
408 402
408 234
408 427
408 428
409 520
409 521
410 1
411 405
411 412
411 314
411 413
411 414
411 415
411 416
411 410
413 350
413 1377
413 463
413 1378
413 14
413 256
413 236
413 7
415 336
415 429
415 405
415 430
415 261
415 314
415 394
415 413
415 431
415 334
415 432
415 406
415 433
415 234
416 420
416 410
416 314
416 413
416 405
417 1262
418 236
418 258
418 435
418 436
418 269
418 437
418 438
418 14
418 439
418 440
418 441
418 442
418 443
420 932
420 646
420 933
420 269
420 639
420 14
420 642
421 254
421 269
421 301
421 453
421 256
421 454
421 227
421 451
421 16
421 191
421 444
421 11
421 455
421 456
421 450
421 78
421 15
421 14
421 258
421 449
421 279
421 448
421 445
422 533
422 430
422 544
422 302
422 15
422 11
422 300
422 308
422 934
422 264
422 261
422 16
422 17
422 548
422 279
422 450
422 161
422 305
422 550
422 188
422 554
422 306
422 164
422 227
422 258
422 935
422 552
422 160
422 744
422 546
422 304
422 303
424 200
424 936
424 14
424 937
424 938
424 939
425 264
425 258
425 449
425 450
425 451
425 452
425 350
425 11
425 160
425 16
425 191
425 78
425 15
425 269
425 14
425 161
425 164
426 759
427 535
427 15
427 16
427 11
427 560
427 405
427 7
427 114
427 533
427 534
427 302
427 282
427 200
427 14
427 261
427 429
427 940
427 257
427 431
427 188
427 303
427 536
427 590
427 409
427 540
430 522
430 308
433 522
433 308
434 1
444 269
444 445
444 14
444 446
444 447
444 448
447 439
447 436
447 929
447 14
447 930
447 931
451 1263
456 1264
457 1
458 459
459 477
460 1
461 462
461 350
461 188
461 463
461 464
461 405
461 61
461 7
465 406
465 466
465 467
465 468
465 236
465 188
465 469
465 470
465 471
465 7
465 472
465 473
465 314
465 235
465 463
465 415
465 405
465 350
465 413
465 474
465 475
465 462
465 476
465 61
467 521
467 520
477 235
477 195
477 423
477 264
477 413
477 61
477 342
477 406
477 314
477 221
477 408
477 421
477 119
477 405
477 420
477 415
477 220
477 479
477 460
477 480
477 118
477 416
477 268
477 188
477 481
477 234
479 258
479 236
479 261
479 302
479 350
483 484
485 1
486 487
486 15
486 227
486 269
486 14
486 16
486 488
486 489
486 262
486 121
486 490
486 491
492 86
492 269
492 14
493 269
493 14
494 78
494 484
494 187
494 301
494 269
494 180
494 14
495 80
495 301
495 269
495 61
495 14
495 78
495 81
495 86
496 80
496 492
496 81
496 269
496 14
497 14
497 498
497 269
499 500
499 14
499 486
501 84
501 502
501 503
501 86
501 504
501 80
501 14
501 303
501 269
505 350
505 506
505 507
505 269
505 14
505 508
509 1
510 511
511 389
511 1
512 509
513 1
514 15
514 16
514 227
515 396
516 303
516 187
516 14
516 16
516 523
516 494
516 524
516 405
516 11
516 15
516 195
516 32
516 501
516 269
516 1
516 350
516 499
516 525
516 496
516 492
516 526
516 227
516 527
516 497
516 528
516 493
516 121
516 61
525 269
525 14
526 14
526 269
527 269
527 14
528 269
528 14
529 505
530 528
531 16
531 15
531 11
532 16
532 15
532 11
533 534
533 16
533 15
533 535
533 536
533 11
534 539
535 537
536 538
537 507
537 495
537 256
537 941
537 523
537 285
538 507
538 495
538 256
538 944
538 523
538 285
539 945
539 946
539 269
539 285
539 523
540 541
541 942
541 943
541 507
541 269
541 523
541 14
542 543
543 947
543 948
543 949
543 269
543 14
543 950
543 951
544 545
545 72
545 490
545 14
545 487
545 203
545 269
545 638
545 952
545 627
545 301
545 636
545 953
545 523
546 547
547 954
547 948
547 269
547 61
547 950
547 14
547 949
547 947
547 955
548 549
549 15
549 11
549 269
549 16
549 14
549 956
549 957
550 551
551 227
551 958
551 268
551 264
551 16
551 301
551 61
551 15
552 553
553 269
553 14
553 959
553 960
554 555
554 139
555 961
555 139
555 742
555 161
555 164
555 201
555 70
555 958
555 350
555 32
555 33
556 551
556 78
556 16
556 61
556 15
556 227
556 301
556 235
556 11
561 1
562 563
563 392
563 389
563 390
563 167
563 16
563 15
563 388
563 391
563 11
563 1
564 561
565 16
565 11
565 405
565 1
565 452
565 15
566 399
566 396
566 398
566 400
566 397
567 568
569 570
569 571
569 532
569 572
569 189
569 191
569 269
569 192
569 234
569 187
569 14
569 573
569 531
569 574
570 576
570 264
570 191
570 268
570 447
574 7
574 160
574 350
574 482
574 463
574 269
574 161
574 164
574 230
574 14
575 1
575 567
575 314
575 577
575 565
576 16
576 454
576 445
576 227
576 121
576 254
576 269
576 453
576 256
576 1265
576 1266
576 1267
576 11
576 455
576 15
576 279
576 450
576 78
576 1268
576 258
576 14
576 449
576 448
577 350
577 14
577 256
577 463
577 1377
577 7
577 1379
578 191
578 579
578 78
578 580
578 167
578 139
578 350
578 308
578 236
578 187
578 301
578 235
578 574
578 269
578 581
578 565
578 61
578 582
578 436
578 439
578 442
578 441
579 1266
579 258
579 15
579 227
579 269
579 350
579 121
579 14
579 1268
581 1269
581 350
581 269
581 1270
581 14
581 1268
582 1
584 1
585 408
586 588
586 127
589 227
589 11
589 405
589 16
589 234
589 61
589 245
589 423
589 431
589 15
589 590
589 584
589 256
589 235
589 314
589 350
589 240
589 577
589 591
589 592
590 962
590 269
590 16
590 167
590 227
590 507
590 963
590 964
590 15
590 121
592 258
592 907
592 187
592 261
593 594
593 350
593 595
596 587
596 597
598 589
598 269
598 14
599 600
599 14
599 235
601 1
602 603
603 388
603 392
603 391
603 389
603 390
603 520
603 521
603 1
603 604
603 605
605 721
605 924
605 16
605 965
605 121
605 227
605 88
605 504
605 264
605 15
605 254
605 268
605 502
605 279
605 261
605 513
605 884
606 601
607 520
607 521
607 1
608 399
608 396
608 397
608 609
608 610
608 400
608 398
609 928
609 308
609 742
609 927
609 966
609 15
609 306
609 727
609 164
609 304
609 227
609 744
609 305
609 967
609 300
609 121
609 16
609 968
609 161
611 1
615 1
616 350
616 236
617 61
617 350
618 15
618 11
618 350
618 121
618 303
618 302
619 1
620 236
620 350
621 350
622 121
622 302
622 350
622 15
622 11
622 303
623 1
624 1
625 11
625 15
625 626
625 16
625 627
625 628
625 629
630 631
630 627
630 632
633 16
633 78
633 628
633 627
633 11
633 15
633 301
633 626
633 629
634 450
634 619
634 623
634 11
634 261
634 16
634 635
634 15
635 72
635 632
635 633
635 613
635 636
635 637
635 256
635 16
635 269
635 638
635 639
635 640
635 78
635 641
635 32
635 642
635 630
635 643
635 644
635 262
635 645
635 503
635 646
635 7
635 11
635 449
635 463
635 625
635 647
635 614
635 484
635 648
635 70
635 15
635 33
635 580
635 147
635 649
635 612
650 615
650 635
650 623
651 1
652 653
654 70
654 15
654 227
654 16
654 256
654 655
655 659
655 261
655 14
655 256
655 660
655 661
655 350
655 662
655 269
655 663
655 7
655 308
655 500
655 634
655 258
655 664
655 235
655 405
655 665
656 1
657 658
658 647
658 262
658 636
658 32
658 666
658 33
658 420
658 667
658 258
658 668
658 35
658 350
658 78
658 261
658 150
659 507
659 160
659 671
659 164
659 350
659 161
659 672
659 673
663 681
663 15
663 235
663 261
663 161
663 674
663 429
663 583
663 682
663 308
663 256
663 33
663 683
663 684
663 306
663 258
663 164
663 671
663 245
663 672
663 685
663 686
663 37
663 517
663 227
663 687
663 16
663 350
663 688
663 32
663 187
663 689
663 651
663 666
663 450
663 236
663 660
664 16
664 302
664 810
664 450
664 721
664 300
664 820
664 161
664 875
664 15
664 305
664 342
664 306
664 164
664 304
664 821
664 11
664 452
664 121
664 227
664 714
669 36
669 1
669 37
669 670
669 195
674 544
674 262
674 675
674 546
674 542
674 676
674 302
674 432
674 607
674 558
674 14
674 430
674 533
674 257
674 552
674 677
674 647
674 336
674 557
674 678
674 556
674 269
674 334
674 303
674 433
674 679
674 680
675 15
675 1396
675 1392
675 885
675 820
676 969
676 954
676 948
676 269
676 61
676 950
676 14
676 947
676 955
677 15
677 16
677 72
677 970
677 820
677 269
677 971
677 972
677 146
677 973
677 256
677 974
677 627
677 975
677 976
677 760
677 227
677 14
677 11
677 75
677 648
677 495
678 947
678 948
678 269
678 969
678 14
678 950
678 951
679 14
679 626
679 169
679 269
679 977
679 978
679 628
679 172
679 629
679 78
679 979
680 203
680 72
680 487
680 269
680 638
680 952
680 627
680 301
680 636
680 953
680 523
680 490
680 14
681 932
681 980
681 933
681 642
682 236
682 261
682 78
682 714
682 301
682 715
682 15
682 554
682 187
682 716
682 11
682 188
682 201
682 16
683 279
683 254
683 718
683 235
685 761
687 15
687 305
687 78
687 449
687 258
687 269
687 206
687 306
687 164
687 719
687 256
687 235
687 304
687 7
687 301
687 720
687 721
687 308
687 463
687 302
687 300
687 16
687 11
687 262
687 14
687 205
687 722
687 161
688 717
689 15
689 269
689 61
689 32
689 16
689 690
689 72
689 305
689 691
689 7
689 164
689 261
689 33
689 463
689 304
689 11
689 692
689 693
689 308
689 187
689 227
689 694
689 300
689 695
689 306
689 696
689 697
689 147
689 698
689 167
689 650
689 161
689 699
700 701
700 702
701 235
701 269
701 652
701 703
701 14
701 577
701 256
701 704
701 656
702 269
702 256
702 705
702 14
702 703
706 235
706 139
707 703
707 256
707 139
707 235
707 708
707 700
709 703
709 700
709 708
709 429
709 139
709 706
709 235
709 431
710 662
711 1
712 713
713 264
713 160
713 139
713 350
713 164
713 161
713 258
713 263
713 685
713 245
716 933
716 642
716 932
716 980
717 235
717 160
717 761
717 161
717 753
717 727
717 754
717 579
717 263
717 61
717 164
717 762
717 763
717 764
717 749
717 264
717 254
717 581
717 582
717 725
718 160
718 256
718 235
718 264
718 164
718 200
718 424
718 429
718 423
718 740
718 426
718 711
718 427
718 14
718 188
718 758
718 759
718 760
718 263
718 279
718 161
718 744
718 261
723 1
724 269
724 445
724 14
724 446
724 447
724 448
725 450
725 160
725 11
725 70
725 164
725 15
725 264
725 16
725 726
725 161
725 727
725 254
725 728
725 268
725 484
726 456
726 452
726 453
726 256
726 451
726 14
726 724
726 454
726 11
726 16
726 279
726 264
726 450
726 161
726 78
726 15
726 258
726 449
726 254
726 269
726 160
726 191
726 448
726 164
726 445
726 455
729 72
729 730
729 350
729 731
729 32
729 14
729 732
729 33
729 256
729 269
729 733
729 35
729 734
729 735
729 736
729 737
729 150
729 258
729 738
729 684
729 739
732 1101
734 72
734 350
734 981
734 696
734 699
734 982
734 269
734 983
734 35
734 256
734 32
734 984
734 985
734 986
734 731
734 987
734 144
734 690
734 988
734 736
734 14
734 877
734 735
734 989
740 302
740 15
740 450
740 308
740 16
740 258
740 741
740 305
740 306
740 114
740 11
740 303
740 279
740 350
740 164
740 236
740 732
740 304
740 742
740 743
740 300
740 744
740 745
740 161
740 535
740 227
740 139
740 746
740 519
740 261
740 187
740 534
740 552
740 533
740 729
740 559
740 548
740 17
740 550
740 409
740 554
740 256
740 540
740 536
740 121
740 235
740 747
740 188
740 78
740 748
741 1101
748 1101
749 160
749 420
749 161
749 164
749 264
749 279
749 254
750 448
750 751
750 269
750 752
750 445
750 611
750 14
753 191
753 453
753 448
753 16
753 454
753 445
753 254
753 269
753 11
753 256
753 750
753 451
753 455
753 456
753 450
753 78
753 15
753 14
753 258
753 279
753 449
754 264
754 258
754 449
754 450
754 451
754 452
754 350
754 11
754 160
754 16
754 191
754 78
754 15
754 269
754 14
754 161
754 164
755 436
755 438
755 258
755 440
755 236
755 437
755 443
755 439
755 441
755 442
755 14
755 435
755 269
756 449
756 258
756 160
756 16
756 269
756 161
756 450
756 164
756 15
756 78
756 452
756 14
756 451
756 350
756 264
756 191
756 11
757 279
757 256
757 264
757 756
757 254
757 726
757 161
757 419
757 188
757 160
757 164
757 429
757 263
757 405
757 420
757 431
757 61
757 754
757 753
758 1101
759 1340
759 577
759 1341
759 314
759 269
759 1342
759 14
761 417
761 350
761 191
761 755
765 1
766 767
766 760
766 768
766 139
766 200
766 350
766 261
766 14
768 806
768 261
768 688
768 807
768 808
768 671
768 235
768 682
768 583
768 809
768 810
768 811
768 812
768 813
768 681
768 429
768 500
768 350
768 236
768 683
768 269
768 714
768 672
768 256
768 14
769 568
770 254
770 771
770 268
770 264
770 718
770 757
770 279
770 728
770 772
770 773
772 32
772 699
772 258
772 990
772 500
772 350
772 11
772 15
772 16
772 773
772 269
772 33
772 643
772 405
772 686
772 17
773 32
773 500
773 150
773 350
773 11
773 269
773 15
773 258
773 990
773 16
773 33
773 686
773 17
774 723
774 1
774 782
774 423
774 312
774 593
774 234
774 195
774 783
774 599
774 191
774 669
774 431
775 814
775 61
775 463
775 503
775 815
775 7
775 235
775 816
775 258
776 235
776 855
776 856
776 429
776 139
776 857
776 431
777 139
777 775
777 779
777 235
778 429
778 139
778 235
778 855
778 256
778 431
779 814
779 816
779 7
779 235
779 463
779 70
779 503
780 264
780 350
780 449
780 450
780 269
780 1268
780 11
780 160
780 16
780 14
780 78
780 15
780 452
780 1266
780 161
780 258
780 164
781 256
781 858
782 854
783 1
784 710
785 1
786 787
787 7
787 16
787 235
787 23
787 49
787 21
787 61
787 15
787 24
787 188
787 11
788 1
789 790
789 791
789 261
789 200
789 14
790 261
790 533
790 558
790 583
790 16
790 11
790 334
790 681
790 15
790 432
790 544
790 257
790 672
790 679
790 336
790 664
790 14
790 680
790 675
790 682
790 714
790 269
790 546
790 256
790 683
790 671
790 433
790 687
790 678
790 688
790 405
790 557
790 810
790 450
790 676
790 607
790 429
790 677
790 552
790 556
790 430
790 542
790 484
792 1
793 261
793 200
793 14
793 794
793 795
795 583
795 678
795 810
795 261
795 450
795 16
795 676
795 15
795 672
795 552
795 11
795 556
795 14
795 430
795 484
795 682
795 533
795 558
795 542
795 269
795 256
795 607
795 334
795 681
795 432
795 257
795 671
795 677
795 679
795 544
795 336
795 664
795 429
795 557
795 714
795 680
795 675
795 683
795 546
795 433
795 687
795 688
795 405
796 1
797 798
797 261
797 200
797 14
797 799
799 15
799 11
799 261
799 334
799 256
799 16
799 430
799 681
799 680
799 675
799 544
799 257
799 429
799 546
799 679
799 839
799 583
799 840
799 664
799 678
799 336
799 557
799 714
799 676
799 683
799 688
799 405
799 433
799 682
799 687
799 542
799 269
799 810
799 552
799 450
799 607
799 672
799 671
799 677
799 14
799 533
799 556
799 432
800 1
801 1
802 1
803 314
803 577
803 792
804 314
804 788
804 577
805 314
805 577
805 796
806 991
806 626
806 992
806 269
806 14
806 993
806 994
812 7
812 61
812 118
812 463
812 119
812 342
812 480
813 558
813 16
813 542
813 261
813 818
813 11
813 822
813 245
813 664
813 819
813 302
813 336
813 544
813 15
813 257
813 714
813 235
813 679
813 784
813 557
813 7
813 675
813 139
813 552
813 680
813 433
813 78
813 546
813 258
813 821
813 823
813 533
813 678
813 463
813 687
813 405
813 334
813 676
813 810
813 760
813 450
813 432
813 556
813 721
813 607
813 430
813 677
817 1
818 15
818 819
818 16
818 121
818 227
818 820
818 11
818 821
818 261
818 760
822 824
822 16
822 78
822 15
822 262
822 11
825 768
826 1
831 303
832 833
832 235
832 15
832 227
832 834
832 835
832 647
832 16
832 449
832 14
832 61
832 78
832 836
832 450
832 262
832 256
832 269
836 1
837 256
838 256
838 302
838 839
838 840
838 61
838 832
838 257
838 841
838 679
838 842
842 261
842 805
842 235
844 1
845 846
845 688
845 772
845 683
845 847
845 848
845 235
845 849
845 850
845 851
845 852
845 773
850 731
850 876
850 61
850 261
850 72
850 736
850 877
850 303
850 32
850 878
850 302
850 879
851 647
851 262
851 636
851 32
851 666
851 33
851 420
851 667
851 258
851 668
851 35
851 350
851 78
851 261
851 150
852 32
852 878
852 880
852 150
852 695
852 350
854 16
854 78
854 195
854 234
854 15
854 227
854 1
854 36
854 301
854 37
855 866
855 864
856 235
856 139
859 860
859 15
859 580
859 203
859 548
859 861
859 258
859 188
859 862
859 235
859 78
859 16
859 530
859 350
859 139
859 11
859 431
859 256
861 42
861 21
861 995
861 996
862 1
863 256
863 235
863 68
863 77
863 824
864 865
864 861
864 139
864 350
864 235
864 256
866 78
866 577
866 844
866 859
866 301
866 863
867 14
867 868
867 269
870 235
870 871
871 695
871 681
871 161
871 810
871 450
871 33
871 16
871 872
871 15
871 873
871 121
871 11
871 256
871 852
871 32
871 583
871 672
871 671
871 78
871 269
871 261
871 61
871 164
871 302
871 517
871 303
871 342
871 350
871 14
871 187
871 682
871 235
871 150
871 683
871 486
871 429
871 717
871 484
871 227
871 714
871 306
871 874
871 875
872 675
872 678
872 544
872 78
872 336
872 15
872 557
872 556
872 680
872 433
872 664
872 16
872 542
872 546
872 647
872 257
872 449
872 533
872 784
872 676
872 187
872 261
872 552
872 432
872 245
872 677
872 302
872 679
872 747
872 558
872 334
872 11
872 262
872 687
872 430
872 607
874 16
874 484
874 70
874 11
874 15
876 173
876 15
876 11
876 882
879 883
879 16
879 261
879 227
879 121
879 187
879 234
879 302
879 11
879 15
879 884
879 258
879 308
879 14
879 484
879 78
879 301
879 885
879 869
879 886
879 303
879 874
881 1
883 303
883 302
883 484
883 580
883 167
883 258
883 261
885 735
885 350
885 987
885 877
885 72
885 997
885 32
885 984
885 745
885 985
885 988
885 989
885 986
885 730
885 731
885 14
885 982
885 998
885 999
885 35
885 736
885 269
885 981
885 737
887 16
887 173
888 121
888 173
888 887
889 173
889 887
890 173
890 891
890 887
892 893
892 173
892 887
894 121
894 173
894 887
895 173
895 450
895 887
896 16
896 897
896 889
896 173
898 899
898 16
898 892
898 900
898 901
898 888
898 894
898 902
898 903
898 904
898 905
898 906
898 907
898 890
898 908
898 7
898 909
898 884
898 201
898 910
898 911
898 896
898 912
898 895
898 913
898 914
898 915
898 916
898 917
898 898
899 284
900 881
900 889
900 121
900 887
900 892
900 16
902 16
902 887
902 919
902 914
903 881
903 889
903 121
903 894
903 887
903 16
904 881
904 889
904 916
904 121
904 887
904 16
905 16
905 305
905 306
905 164
905 889
905 898
905 121
905 918
905 308
905 300
905 881
905 161
905 304
905 887
908 881
908 889
908 890
908 121
908 887
908 16
910 173
910 16
910 887
911 881
911 895
911 889
911 121
911 887
911 16
912 173
912 887
914 881
914 898
914 889
914 121
914 887
914 16
916 121
916 173
916 887
917 881
917 889
917 888
917 121
917 887
917 16
920 1
921 342
921 261
921 258
921 235
921 803
922 261
922 235
922 804
922 342
923 15
923 258
923 256
923 346
923 78
923 203
923 227
923 301
923 262
923 16
923 263
923 234
934 1101
935 11
935 308
935 15
935 559
935 161
935 305
935 258
935 1013
935 302
935 1014
935 450
935 350
935 306
935 164
935 114
935 227
935 303
935 188
935 16
935 304
935 261
935 300
935 121
937 1223
937 1224
937 1177
938 1071
940 1101
956 72
956 487
956 269
956 953
956 61
956 14
956 638
956 484
956 490
956 952
956 627
958 971
958 72
958 279
958 627
958 975
958 234
958 970
958 638
958 75
958 14
958 648
958 744
958 1019
958 269
958 529
958 974
1000 303
1000 1
1000 1001
1001 1
1002 1003
1002 1004
1002 261
1002 1005
1002 258
1002 200
1002 1006
1002 1007
1002 1008
1002 14
1002 1009
1002 350
1002 965
1002 1010
1003 1018
1003 502
1003 1068
1003 303
1003 1016
1003 1174
1003 1022
1003 1175
1003 1162
1005 1101
1006 1163
1006 1173
1007 269
1007 167
1007 1011
1007 1012
1009 1172
1011 14
1011 258
1011 1050
1011 256
1011 1051
1011 1052
1011 269
1011 1053
1012 1054
1012 269
1012 258
1012 14
1012 1048
1012 350
1013 1101
1015 14
1015 1016
1015 1017
1015 137
1015 200
1015 1018
1016 1
1016 1192
1020 61
1020 742
1020 16
1020 11
1020 164
1020 1021
1020 628
1020 227
1020 1022
1020 1023
1020 967
1020 15
1020 629
1020 961
1020 161
1020 626
1024 744
1024 161
1024 1024
1024 268
1024 1022
1024 6
1024 61
1024 187
1024 306
1024 7
1024 665
1024 264
1024 517
1024 4
1024 308
1024 463
1024 906
1024 3
1025 1026
1025 200
1025 167
1025 1027
1025 1028
1025 1029
1025 1030
1025 261
1025 1031
1025 1032
1025 736
1025 1033
1025 33
1034 200
1034 167
1034 1035
1034 1036
1034 1037
1034 1038
1034 1039
1040 745
1040 15
1040 11
1040 743
1040 450
1041 1042
1041 1009
1041 1006
1041 1043
1041 200
1041 14
1041 1010
1041 1044
1041 1045
1041 1046
1043 1176
1043 1177
1043 1071
1043 1063
1043 61
1043 1072
1043 939
1043 1178
1043 1066
1043 1179
1043 1180
1043 1022
1043 1181
1044 15
1044 227
1044 16
1044 1165
1044 1022
1044 666
1047 1048
1047 1049
1047 258
1047 269
1047 350
1047 14
1048 1074
1048 1075
1050 1
1053 1
1055 167
1055 1056
1055 1057
1055 1035
1055 1037
1055 200
1055 1058
1055 1059
1060 1061
1060 636
1060 743
1062 1063
1062 727
1062 938
1062 939
1062 1022
1062 502
1062 1064
1062 721
1062 1065
1062 1020
1062 1024
1062 1066
1064 1129
1064 913
1064 1118
1064 1111
1064 1225
1064 1128
1064 936
1064 899
1064 1226
1064 901
1064 1227
1064 1064
1064 915
1064 1072
1064 1185
1064 907
1064 909
1064 7
1064 884
1064 1106
1064 1117
1064 1228
1064 15
1064 906
1064 201
1064 17
1064 227
1066 1223
1066 1224
1066 1177
1067 1018
1067 502
1067 721
1067 1068
1067 1069
1068 303
1068 1194
1069 1193
1069 1192
1070 939
1070 1066
1070 1071
1070 1063
1070 1072
1071 1
1071 1176
1072 306
1072 161
1072 1227
1072 164
1072 1225
1072 305
1072 1064
1072 1128
1072 304
1072 308
1072 300
1074 1
1075 1
1076 1077
1076 737
1076 1078
1076 730
1076 1079
1076 1080
1076 1081
1082 1083
1082 737
1082 1084
1082 730
1082 738
1082 1077
1082 733
1082 999
1082 1085
1082 1086
1087 1077
1087 989
1087 1088
1087 984
1087 737
1087 985
1087 730
1087 1089
1087 982
1087 981
1090 733
1090 1084
1090 1091
1090 1092
1090 1093
1090 737
1090 1094
1090 999
1090 730
1090 738
1090 1077
1095 262
1095 11
1095 15
1095 16
1095 78
1096 257
1096 15
1096 1039
1096 1035
1096 1037
1096 1038
1096 629
1096 628
1096 121
1096 16
1096 1036
1096 11
1097 1098
1097 745
1097 1039
1097 1036
1097 1037
1097 1099
1097 1035
1097 1100
1101 1
1102 15
1102 11
1102 897
1103 1104
1104 1195
1104 1196
1104 227
1104 1197
1104 121
1104 1198
1104 1199
1104 1061
1104 1191
1104 1190
1104 15
1104 189
1105 1106
1106 1229
1106 257
1106 1181
1106 1180
1106 1227
1106 745
1106 1225
1107 1101
1108 1109
1108 279
1108 1104
1108 744
1109 1200
1109 1114
1109 1201
1109 1115
1109 7
1109 744
1109 1202
1109 1203
1109 1204
1109 1205
1109 1014
1109 1206
1109 1123
1109 258
1109 1122
1109 1207
1109 1194
1109 279
1109 1208
1109 1183
1109 139
1109 1209
1109 1104
1109 1124
1109 1210
1109 268
1109 1211
1109 1212
1109 1213
1109 1190
1109 906
1109 236
1109 303
1109 1214
1110 1111
1110 1106
1111 1227
1111 1128
1111 1064
1111 161
1111 164
1111 1230
1111 1231
1111 1225
1112 1101
1113 1114
1113 1104
1113 1115
1114 1191
1114 1195
1114 1190
1114 1197
1114 1198
1115 121
1115 1123
1115 16
1115 1114
1115 227
1115 1190
1115 15
1115 1197
1115 1199
1115 1198
1115 1191
1116 1117
1116 1106
1116 1118
1117 1225
1117 1180
1117 1227
1117 1128
1118 1225
1118 1227
1118 1229
1119 302
1119 744
1119 279
1119 741
1119 303
1119 1112
1119 1107
1120 1104
1120 1109
1120 1121
1120 1122
1120 1123
1120 1124
1121 1114
1122 1197
1122 1217
1122 1190
1122 1191
1122 1198
1122 137
1122 147
1122 7
1122 1017
1123 1215
1123 1190
1123 1191
1123 1195
1123 1196
1123 1197
1123 1198
1124 1191
1124 1190
1124 1215
1124 1197
1124 1196
1124 1195
1124 1216
1124 1198
1125 1126
1125 1127
1125 1106
1125 1111
1125 1072
1125 1128
1125 1129
1126 1118
1127 1225
1127 1227
1127 936
1128 1225
1128 1185
1128 1227
1128 1181
1129 1227
1129 1128
1129 1232
1129 1225
1130 748
1130 744
1130 1109
1130 279
1131 1111
1132 303
1132 302
1133 1104
1133 1124
1133 1123
1133 1109
1133 1115
1134 1128
1134 1106
1134 1129
1134 1072
1134 1117
1135 303
1135 302
1136 1104
1136 1115
1136 1123
1136 1109
1136 1114
1136 1124
1137 1106
1137 1118
1137 1128
1137 1129
1137 1117
1137 1072
1138 1101
1139 1104
1140 1106
1141 303
1141 1142
1141 302
1141 1138
1143 1101
1144 1104
1144 1124
1144 1121
1144 1123
1144 1122
1144 1109
1145 1127
1145 1129
1145 1106
1145 1126
1145 1072
1145 1128
1146 881
1146 895
1146 912
1146 910
1146 905
1146 894
1146 896
1147 1148
1147 1149
1150 1151
1150 1152
1150 1153
1150 1154
1151 1237
1155 131
1155 167
1156 303
1156 302
1157 1121
1157 1109
1157 1104
1157 1124
1157 1114
1158 1106
1158 1129
1158 1118
1158 1072
1158 1126
1159 1109
1159 303
1159 1104
1159 1013
1159 302
1159 279
1159 1114
1159 744
1160 1072
1160 1118
1160 1106
1160 1111
1161 1162
1163 1000
1163 1001
1163 303
1164 1073
1165 1063
1165 502
1165 1022
1165 939
1165 938
1165 1062
1165 1064
1165 1066
1166 502
1166 721
1166 1069
1166 1068
1166 1018
1166 1067
1167 1071
1167 1072
1167 939
1167 1066
1167 1070
1167 1063
1168 1169
1168 1170
1168 1109
1168 161
1168 1161
1168 1069
1168 305
1168 1018
1168 306
1168 164
1168 304
1168 1171
1168 502
1172 303
1173 1101
1174 303
1174 1109
1174 167
1174 1114
1174 1182
1174 1183
1174 1104
1174 1123
1174 15
1174 302
1174 1115
1174 1162
1174 1184
1174 227
1174 16
1175 1218
1175 1
1175 1192
1179 1072
1179 1106
1179 1128
1179 1118
1179 1117
1179 1185
1182 491
1183 1191
1183 1195
1183 1215
1183 1190
1183 1197
1183 1198
1185 1225
1185 1118
1185 1227
1185 1233
1186 1142
1187 881
1187 894
1187 888
1187 910
1187 916
1187 917
1187 905
1188 1148
1188 1149
1189 1151
1189 1152
1189 258
1190 284
1191 1
1194 302
1194 161
1194 1123
1194 227
1194 121
1194 1190
1194 1109
1194 303
1194 306
1194 304
1194 305
1194 15
1194 1197
1194 1198
1194 300
1194 1191
1194 918
1197 1195
1198 1221
1198 1191
1198 1197
1198 1222
1198 1218
1198 1223
1200 1198
1200 1190
1200 15
1200 1191
1200 1123
1200 1208
1200 121
1200 227
1200 1197
1202 1198
1202 1190
1202 1204
1202 15
1202 1191
1202 1123
1202 121
1202 227
1202 1197
1204 1191
1204 1190
1204 1197
1204 1219
1204 1220
1204 1198
1206 1198
1206 1190
1206 1124
1206 15
1206 1191
1206 1123
1206 121
1206 227
1206 1197
1207 1190
1207 1209
1208 1191
1208 1219
1208 1190
1208 1197
1208 1198
1209 7
1209 227
1209 8
1209 1109
1209 121
1209 1197
1209 1190
1209 1198
1209 1123
1209 15
1209 1191
1210 1198
1210 1190
1210 15
1210 1191
1210 1123
1210 1114
1210 121
1210 227
1210 1197
1212 1198
1212 1190
1212 1123
1212 15
1212 1191
1212 121
1212 227
1212 1197
1213 1198
1213 1190
1213 1183
1213 15
1213 1191
1213 1123
1213 121
1213 227
1213 1197
1217 1197
1217 1222
1217 1191
1222 1197
1222 1218
1222 1223
1222 1222
1222 1217
1222 1191
1222 1123
1222 121
1222 227
1222 16
1222 1190
1222 1196
1222 1195
1222 15
1225 1229
1225 15
1225 121
1225 227
1225 899
1227 1234
1227 1176
1227 1235
1227 1177
1227 1223
1227 1236
1238 1
1239 1269
1239 350
1239 269
1239 1273
1239 14
1239 1268
1240 1
1241 15
1241 16
1241 1263
1241 7
1241 188
1241 227
1242 235
1242 1246
1242 188
1242 1247
1242 191
1243 264
1243 191
1243 7
1243 1248
1243 235
1243 188
1243 268
1243 1246
1244 235
1244 188
1244 1249
1244 191
1245 405
1246 405
1247 227
1247 1263
1247 16
1247 15
1247 450
1247 121
1248 1271
1248 16
1248 454
1248 453
1248 254
1248 227
1248 121
1248 14
1248 455
1248 15
1248 1268
1248 450
1248 1265
1248 269
1248 279
1249 16
1249 453
1249 269
1249 454
1249 1272
1249 121
1249 227
1249 1271
1249 15
1249 14
1249 1268
1249 1265
1250 568
1251 1252
1251 1253
1251 1254
1251 1255
1251 1256
1251 1257
1252 1261
1253 1263
1254 1262
1255 1268
1255 139
1255 78
1255 121
1255 227
1255 15
1255 16
1255 1266
1255 14
1255 301
1255 258
1255 269
1255 350
1256 1264
1257 1259
1259 14
1259 160
1259 302
1259 303
1259 1276
1259 161
1259 164
1259 269
1260 1274
1260 1
1261 405
1261 269
1261 139
1261 14
1261 582
1261 1278
1262 1269
1262 236
1262 350
1262 269
1262 1268
1262 256
1262 14
1263 269
1263 1268
1263 14
1263 258
1263 1266
1264 14
1264 1268
1264 269
1264 1275
1267 752
1267 445
1267 448
1267 446
1267 269
1267 751
1267 14
1267 582
1268 1282
1268 256
1268 261
1268 671
1268 672
1268 258
1270 236
1270 443
1270 440
1270 269
1270 435
1270 438
1270 14
1270 258
1270 437
1271 752
1271 445
1271 448
1271 269
1271 14
1271 751
1271 1238
1273 269
1273 236
1273 443
1273 435
1273 14
1273 438
1273 190
1273 258
1273 437
1274 234
1274 7
1274 227
1274 1281
1274 15
1274 16
1276 16
1276 453
1276 820
1276 256
1276 454
1276 1277
1276 11
1276 455
1276 258
1276 449
1276 14
1276 121
1276 227
1276 279
1276 1268
1276 1265
1276 445
1276 254
1276 269
1276 1266
1276 15
1276 752
1277 445
1277 448
1277 446
1277 269
1277 752
1277 14
1277 582
1278 1269
1278 350
1278 1279
1278 269
1278 14
1278 1268
1279 14
1279 443
1279 438
1279 435
1279 236
1279 301
1279 440
1279 269
1279 78
1280 1255
1283 200
1283 15
1283 227
1283 14
1283 224
1283 16
1284 261
1284 256
1284 671
1284 672
1284 1285
1284 258
1286 15
1286 16
1286 200
1286 224
1286 452
1286 14
1286 350
1286 226
1286 161
1286 160
1286 11
1286 164
1287 14
1287 161
1287 150
1287 164
1287 258
1287 524
1287 528
1287 223
1287 256
1287 200
1287 1283
1287 695
1287 1286
1287 160
1288 161
1288 228
1288 164
1288 524
1288 150
1288 258
1288 1283
1288 256
1288 1286
1288 160
1288 695
1288 200
1288 14
1289 1
1290 1289
1291 957
1291 1292
1291 70
1291 1293
1291 14
1291 71
1291 1294
1291 1295
1291 1296
1291 1297
1291 1298
1291 1299
1291 1300
1291 580
1291 269
1291 1301
1291 1302
1291 1303
1304 746
1304 590
1304 1305
1304 300
1304 308
1304 261
1304 14
1304 1306
1304 1291
1304 1307
1304 161
1304 269
1304 305
1304 1308
1304 306
1304 164
1304 304
1304 1309
1310 264
1310 308
1310 268
1310 164
1310 187
1310 517
1310 502
1310 306
1310 1311
1310 303
1310 161
1312 14
1312 1313
1312 737
1312 733
1312 1314
1312 1315
1312 730
1312 738
1312 269
1312 1316
1317 15
1317 1318
1317 258
1317 1319
1317 1320
1317 1312
1317 256
1317 72
1317 269
1317 1321
1317 14
1317 350
1317 1310
1317 1322
1317 500
1317 1323
1317 1324
1317 121
1317 227
1317 236
1317 261
1317 990
1317 16
1317 590
1317 1304
1325 1326
1326 1
1327 772
1327 258
1327 314
1327 1328
1327 1329
1327 1330
1327 500
1327 1331
1327 1332
1327 1333
1327 261
1327 1334
1327 990
1327 1325
1327 1335
1327 1336
1327 256
1327 672
1327 1025
1327 1337
1327 1338
1327 773
1327 350
1327 235
1327 671
1331 1341
1332 1377
1332 1380
1332 14
1332 277
1334 980
1334 236
1334 350
1334 405
1334 715
1335 1345
1337 500
1337 258
1337 990
1337 1344
1337 350
1338 1343
1339 16
1339 191
1339 1
1339 15
1339 21
1339 303
1339 235
1339 1346
1339 11
1340 1332
1340 258
1340 256
1340 990
1340 1334
1340 350
1340 1337
1340 500
1340 1348
1340 314
1340 1326
1340 1345
1340 1341
1340 1325
1340 235
1341 1347
1341 258
1341 500
1341 824
1341 110
1341 990
1341 112
1341 1348
1341 1349
1341 350
1341 261
1341 256
1342 1041
1342 1357
1343 187
1343 500
1343 235
1343 747
1343 350
1343 886
1343 258
1343 269
1343 61
1343 191
1343 484
1343 636
1343 192
1343 189
1343 256
1343 843
1343 1344
1343 990
1344 500
1344 256
1344 269
1344 258
1344 990
1344 191
1344 350
1344 1280
1345 258
1345 1351
1345 235
1345 256
1345 824
1345 314
1345 1352
1345 261
1345 350
1345 1353
1345 1332
1345 500
1345 236
1345 810
1345 342
1348 258
1348 990
1348 350
1348 261
1348 500
1348 824
1348 1350
1348 256
1354 257
1354 269
1354 1355
1354 16
1354 15
1354 191
1354 841
1354 258
1354 256
1354 11
1354 990
1354 272
1354 500
1354 350
1354 1344
1356 1340
1356 14
1356 1357
1356 577
1356 314
1356 269
1357 1365
1358 747
1358 773
1358 350
1358 258
1358 990
1358 636
1358 1337
1358 500
1358 1345
1358 405
1358 715
1358 980
1358 187
1358 269
1358 236
1358 256
1358 1354
1358 78
1359 236
1359 350
1359 579
1359 581
1359 1040
1359 582
1359 420
1360 302
1360 256
1360 1355
1360 258
1360 500
1360 990
1360 843
1360 1055
1360 350
1361 256
1361 500
1361 258
1361 1034
1361 990
1362 420
1362 1060
1362 576
1362 264
1362 261
1362 1363
1362 268
1362 258
1362 236
1362 780
1362 350
1364 256
1364 258
1364 1034
1364 990
1364 500
1365 234
1365 1
1365 423
1365 431
1365 1290
1366 258
1366 1362
1366 235
1366 1359
1366 1358
1366 401
1366 489
1366 261
1367 1014
1367 188
1367 261
1367 78
1367 272
1367 258
1367 532
1367 745
1367 256
1367 139
1367 301
1367 560
1367 559
1367 1015
1367 191
1367 350
1367 578
1367 531
1367 308
1368 1369
1368 500
1368 1358
1368 350
1368 1359
1368 990
1368 1366
1368 303
1368 1002
1368 258
1368 227
1368 1362
1368 269
1368 256
1368 302
1368 308
1368 580
1368 187
1368 1047
1368 14
1368 672
1368 261
1368 15
1368 282
1368 498
1368 405
1368 235
1368 16
1368 236
1368 1361
1368 590
1368 1367
1368 1317
1368 479
1368 1356
1368 7
1368 671
1368 301
1368 1364
1368 747
1368 450
1368 841
1368 78
1368 1012
1368 429
1368 1360
1370 1
1371 1349
1371 110
1372 1381
1372 256
1372 1382
1372 1374
1372 1
1372 1383
1372 1346
1372 1370
1372 1375
1377 1374
1377 1375
1384 1377
1384 1380
1384 14
1384 277
1385 1386
1385 12
1385 115
1385 285
1385 277
1387 1
1388 1389
1388 1390
1388 1391
1388 452
1388 1392
1388 1393
1388 1394
1388 1395
1388 16
1388 1396
1388 641
1388 15
1388 1397
1388 820
1388 1398
1388 1399
1388 1400
1394 1402
1394 1403
1394 145
1394 1404
1394 745
1398 1401
1399 61
1399 1401
1399 1
1401 32
1401 33
1401 150
1401 699
1405 824
1405 861
1405 42
1405 277
1405 201
1408 21
1408 1409
1408 995
1408 1
